0 0.893278 0.757862 0.126179 0.182390
0 0.841981 0.197065 0.113208 0.138365
0 0.898585 0.487421 0.122642 0.161426
0 0.686321 0.784067 0.141509 0.184486
0 0.682193 0.505241 0.116745 0.142558
0 0.653892 0.193920 0.116745 0.140461
0 0.495873 0.193920 0.107311 0.127883
0 0.303066 0.196017 0.110849 0.136268
0 0.097288 0.164570 0.119104 0.211740
0 0.468750 0.783019 0.123821 0.165618
0 0.499410 0.509434 0.114387 0.138365
1 0.079599 0.486373 0.112028 0.138365
1 0.303656 0.481132 0.116745 0.136268
1 0.278302 0.783019 0.122642 0.153040
1 0.060142 0.769392 0.120283 0.163522