1 0.133255 0.150943 0.096698 0.121593
1 0.129127 0.372117 0.097877 0.136268
1 0.117925 0.644654 0.103774 0.144654
1 0.124410 0.868973 0.112028 0.153040
1 0.323113 0.120545 0.096698 0.119497
1 0.311321 0.363732 0.101415 0.123690
1 0.314269 0.641509 0.104953 0.134172
1 0.297170 0.870021 0.113208 0.142558
0 0.487618 0.136268 0.100236 0.129979
0 0.640330 0.111111 0.096698 0.129979
0 0.818986 0.082809 0.107311 0.127883
0 0.816038 0.297694 0.103774 0.150943
0 0.829009 0.582809 0.103774 0.134172
0 0.843750 0.866876 0.114387 0.148847
0 0.646816 0.895178 0.116745 0.155136
0 0.632665 0.601677 0.086085 0.218029
0 0.647406 0.337526 0.120283 0.146751
0 0.468750 0.355346 0.100236 0.132075
0 0.464033 0.632075 0.104953 0.136268
0 0.445165 0.853249 0.109670 0.150943