0 0.840212 0.855346 0.114387 0.159329
0 0.822524 0.571279 0.104953 0.127883
0 0.811910 0.290356 0.107311 0.136268
0 0.813090 0.076520 0.107311 0.132075
0 0.635024 0.103774 0.095519 0.115304
0 0.640330 0.330189 0.120283 0.148847
0 0.629717 0.593291 0.080189 0.209644
0 0.642099 0.883648 0.109670 0.153040
0 0.459906 0.626834 0.101415 0.129979
0 0.465212 0.345912 0.104953 0.129979
0 0.483491 0.124738 0.099057 0.127883
0 0.441038 0.842767 0.115566 0.150943
1 0.321934 0.113208 0.096698 0.121593
1 0.308373 0.357442 0.095519 0.115304
1 0.310142 0.623690 0.106132 0.136268
1 0.292453 0.853249 0.113208 0.142558
1 0.134434 0.141509 0.099057 0.132075
1 0.130896 0.365828 0.106132 0.148847
1 0.118514 0.632075 0.109670 0.144654
1 0.122642 0.853249 0.113208 0.163522