0 0.083726 0.174004 0.125000 0.213836
0 0.291863 0.203354 0.109670 0.146751
0 0.484080 0.198113 0.107311 0.132075
0 0.645047 0.198113 0.110849 0.148847
0 0.830189 0.194969 0.106132 0.138365
0 0.883255 0.493711 0.120283 0.157233
0 0.873231 0.758910 0.119104 0.176101
0 0.672759 0.515723 0.114387 0.142558
0 0.677476 0.784067 0.140330 0.184486
0 0.468160 0.795597 0.117925 0.148847
1 0.281840 0.792453 0.113208 0.159329
0 0.494104 0.517820 0.110849 0.129979
1 0.305425 0.492662 0.108491 0.146751
1 0.077241 0.508386 0.116745 0.144654
1 0.069575 0.784067 0.115566 0.155136