0 0.130742 0.074205 0.095406 0.141343
0 0.417845 0.082155 0.256184 0.128975
0 0.885159 0.081272 0.095406 0.127208
0 0.653710 0.261484 0.088339 0.134276
0 0.169611 0.515901 0.144876 0.134276
0 0.420495 0.484099 0.088339 0.123675
0 0.424912 0.720848 0.104240 0.137809
0 0.846290 0.522968 0.098940 0.123675
0 0.409011 0.269435 0.111307 0.139576
0 0.834806 0.937279 0.083039 0.114841
0 0.143993 0.308304 0.107774 0.132509
0 0.669611 0.074205 0.098940 0.141343
1 0.876325 0.265901 0.095406 0.128975
1 0.658127 0.514134 0.090106 0.120141
1 0.647527 0.737633 0.093640 0.125442
1 0.848940 0.742933 0.100707 0.121908
1 0.182862 0.737633 0.104240 0.125442
1 0.187279 0.931979 0.098940 0.128975
1 0.425795 0.925795 0.106007 0.130742
1 0.666078 0.926678 0.098940 0.125442