0 0.546820 0.347173 0.245583 0.196113
0 0.622792 0.071555 0.121908 0.132509
0 0.835689 0.273852 0.127208 0.123675
0 0.787102 0.742049 0.136042 0.120141
0 0.318905 0.625442 0.001767 0.000000
0 0.239399 0.555654 0.157244 0.150177
0 0.923145 0.545053 0.086572 0.118375
0 0.627208 0.864841 0.123675 0.121908
0 0.576855 0.645760 0.132509 0.104240
1 0.467314 0.913428 0.093640 0.130742
1 0.348940 0.784452 0.136042 0.148410
1 0.777385 0.495583 0.120141 0.136042
1 0.338339 0.160777 0.153710 0.130742
1 0.111307 0.285336 0.144876 0.150177