0 0.221731 0.136926 0.121908 0.178445
0 0.468198 0.147527 0.102473 0.146643
0 0.909894 0.133392 0.098940 0.136042
0 0.216431 0.383392 0.097173 0.134276
0 0.475265 0.402827 0.106007 0.134276
0 0.212898 0.634276 0.114841 0.159011
0 0.702297 0.652827 0.093640 0.100707
0 0.886926 0.661661 0.102473 0.132509
0 0.446113 0.889576 0.125442 0.150177
0 0.694346 0.908127 0.120141 0.134276
1 0.694346 0.158127 0.109541 0.143110
1 0.897527 0.411661 0.113074 0.137809
1 0.689929 0.410777 0.100707 0.132509
1 0.870141 0.872792 0.097173 0.127208
1 0.484099 0.654594 0.106007 0.139576
1 0.227032 0.905477 0.125442 0.139576