0 0.107266 0.095406 0.099009 0.127208
0 0.422993 0.098940 0.286025 0.127208
0 0.927937 0.094523 0.103409 0.136042
0 0.152370 0.517668 0.149613 0.130742
0 0.418794 0.724382 0.092006 0.127208
0 0.885033 0.931979 0.110009 0.111307
0 0.887233 0.518551 0.105609 0.121908
0 0.668314 0.272968 0.103409 0.128975
0 0.441911 0.498233 0.112642 0.127208
0 0.410777 0.276502 0.090106 0.121908
1 0.883933 0.732398 0.107809 0.128843
1 0.689216 0.082155 0.105609 0.143110
1 0.124868 0.315371 0.116610 0.132509
1 0.913636 0.275065 0.105609 0.129635
1 0.674915 0.508834 0.103409 0.127208
1 0.173272 0.729682 0.116610 0.123675
1 0.671615 0.731449 0.096808 0.123675
1 0.689216 0.926678 0.096808 0.114841
1 0.422993 0.930212 0.092408 0.128975
1 0.174372 0.929669 0.110009 0.126528