0 0.115724 0.793286 0.090106 0.120141
0 0.503534 0.365724 0.091873 0.130742
0 0.916078 0.383392 0.097173 0.123675
0 0.537102 0.674912 0.095406 0.123675
0 0.909894 0.924028 0.095406 0.130742
0 0.894876 0.674028 0.097173 0.157244
0 0.497350 0.083922 0.093640 0.132509
0 0.913428 0.115724 0.109541 0.136042
0 0.109541 0.289753 0.123675 0.141343
0 0.334806 0.934629 0.104240 0.130742
1 0.714664 0.091873 0.100707 0.130742
1 0.706714 0.364841 0.106007 0.125442
1 0.274735 0.379859 0.118375 0.130742
1 0.266784 0.062721 0.113074 0.125442
1 0.712014 0.662544 0.113074 0.127208
1 0.284452 0.660777 0.106007 0.127208
1 0.722615 0.906360 0.106007 0.120141
1 0.547703 0.910777 0.102473 0.121908