1 0.903710 0.083922 0.100707 0.132509
1 0.694346 0.073322 0.091873 0.128975
1 0.699647 0.386926 0.098940 0.127208
1 0.901060 0.392226 0.102473 0.137809
1 0.451413 0.382509 0.104240 0.136042
1 0.424028 0.074205 0.102473 0.134276
0 0.680212 0.920495 0.106007 0.123675
0 0.900177 0.900177 0.104240 0.132509
0 0.431979 0.630742 0.146643 0.144876
0 0.204064 0.356890 0.114841 0.137809
0 0.692580 0.668728 0.109541 0.143110
0 0.906360 0.659011 0.106007 0.134276
0 0.200530 0.081272 0.107774 0.141343
0 0.176678 0.664311 0.123675 0.141343
0 0.214664 0.936396 0.118375 0.127208
1 0.444346 0.936396 0.111307 0.127208