0 0.886042 0.692580 0.150177 0.134276
0 0.914311 0.086572 0.107774 0.130742
0 0.426678 0.086572 0.118375 0.144876
0 0.662544 0.379859 0.106007 0.137809
0 0.650177 0.672261 0.116608 0.164311
0 0.225265 0.944346 0.111307 0.111307
0 0.711131 0.939929 0.114841 0.120141
0 0.208481 0.683746 0.098940 0.130742
0 0.461131 0.386168 0.106007 0.135793
0 0.473498 0.953180 0.116608 0.093640
1 0.678445 0.104240 0.109541 0.144876
1 0.162730 0.090106 0.120512 0.137809
1 0.906360 0.382509 0.109541 0.136042
1 0.195430 0.371908 0.125840 0.136042
1 0.448763 0.688163 0.106007 0.139576
1 0.887809 0.941696 0.086572 0.116608